500000002
060408010
007000900
010504020
000080000
020907080
003000600
050602070
700000004

300600000
080010030
604000509
400000300
090070080
003000901
536000704
020030095
040005003

000600000
080010030
604000509
400000300
090070080
003000001
506000704
020030090
000005000

800000000
003600000
070090200
050007000
000045700
000100030
001000068
008500010
090000400
[Hard]

008064090
000095004
007000050
012000009
006000500
300000470
020000600
700630000
050480200

004000018
701006090
000009402
900003100
000070000
007500009
803600000
070200806
460000500

601300057
900500060
005908000
004800000
070000030
000007600
000709200
090005008
810004503
